2.3411535173441806 2.855283348150972 1.8803328564649453 1.7106068018816323 0.523303433537215 
4.008121850291514 2.2495473981259178 1.668226491106985 3.6282887057815776 1.2105028732381369 
0.5067119688562982 2.7550066740078307 3.737151042838547 3.5214146411654697 4.377624068994464 
2.932378585986217 2.893171257005967 1.7429556908965227 0.591360139229542 4.912954038474559 
3.1557450754553895 2.1140703028078853 3.9490019616760237 1.3845528216905563 1.508763008309593 

2.3411535173441806 2.855283348150972 1.8803328564649453 1.7106068018816323 0.523303433537215 0.15 
4.008121850291514 2.2495473981259178 1.668226491106985 3.6282887057815776 1.2105028732381369 0.21 
0.5067119688562982 2.7550066740078307 3.737151042838547 3.5214146411654697 4.377624068994464 0.24 
2.932378585986217 2.893171257005967 1.7429556908965227 0.591360139229542 4.912954038474559 0.21 
3.1557450754553895 2.1140703028078853 3.9490019616760237 1.3845528216905563 1.508763008309593 0.19 

